128.065 143.417 172.385
127.815 143.333 172.343
127.009 142.579 172.058
126.627 141.765 171.563
126.975 142.258 171.866
127.964 143.084 172.465
128.367 143.719 172.733
128.842 144.169 173.072
128.906 144.203 173.159
128.175 143.463 172.627
127.070 142.650 172.191
126.729 142.204 172.053
126.966 142.230 171.900
127.215 142.601 172.234
127.506 143.101 172.325
127.689 143.511 172.291
128.038 143.568 172.536
127.690 143.488 172.448
127.500 143.165 172.422
127.150 142.832 172.202
127.053 142.685 172.015
127.046 142.583 172.064
127.257 142.821 172.236
127.482 143.019 172.425
127.657 143.092 172.229
127.611 142.988 172.370
127.376 142.918 172.272
127.289 142.726 172.379
127.184 142.806 172.159
127.194 142.784 172.252
127.106 142.875 172.156
127.394 143.044 172.240
127.385 143.095 172.331
127.318 143.161 172.260
127.415 143.127 172.311
127.475 143.225 172.186
127.505 143.235 172.185
127.391 143.011 172.148
127.337 142.970 172.162
127.375 142.969 172.396
127.324 142.946 172.327
127.848 143.264 172.656
128.099 143.566 172.907
128.003 143.419 172.650
128.103 143.435 172.678
127.865 143.422 172.477
127.930 143.457 172.698
127.967 143.579 172.652
128.056 143.556 172.538
128.139 143.664 172.836
128.070 143.710 172.553
128.230 143.787 172.927
128.223 143.703 172.705
128.206 143.931 172.581
128.291 143.941 172.769
128.209 143.879 172.659
128.021 143.827 172.771
127.949 143.706 172.634
128.030 143.584 172.694
128.028 143.548 172.583
128.044 143.572 172.634
128.042 143.635 172.769
128.046 143.654 172.891
128.132 143.657 172.692
128.025 143.703 172.758
128.004 143.719 172.780
128.115 143.746 172.757
128.223 143.786 172.677
128.206 143.892 172.689
128.184 143.861 172.774
128.363 143.937 172.779
128.566 144.052 172.759
128.435 143.980 172.812
128.281 144.003 172.611
128.278 143.871 172.789
128.361 143.783 172.616
128.201 143.701 172.641
128.079 143.565 172.587
127.995 143.553 172.722
128.141 143.502 172.650
128.188 143.628 172.689
128.138 143.641 172.588
128.135 143.668 172.654
128.128 143.659 172.595
128.168 143.714 172.717
128.262 143.699 172.666
128.370 143.828 172.651
128.345 143.878 172.684
128.322 143.943 172.760
128.449 144.033 172.904
128.506 144.120 172.895
128.590 144.124 172.871
128.313 143.845 172.655
128.189 143.612 172.726
127.934 143.549 172.708
127.924 143.516 172.695
127.971 143.464 172.680
128.002 143.439 172.585
127.930 143.305 172.661
128.052 143.381 172.721
127.971 143.481 172.583
128.012 143.541 172.732
128.166 143.528 172.581
128.147 143.542 172.833
128.100 143.694 172.832
128.079 143.724 172.725
128.094 143.742 172.827
128.084 143.748 172.786
127.867 143.746 172.959
127.927 143.591 173.007
127.731 143.392 173.015
127.454 143.212 172.944
127.295 143.033 172.839
127.369 142.832 172.961
127.407 142.919 172.921
127.337 142.822 172.778
127.419 142.913 172.936
127.484 142.880 172.728
127.328 142.833 172.596
127.238 142.635 172.379
127.148 142.381 172.360
126.778 142.249 171.964
126.987 142.263 172.091
127.032 142.373 172.079
127.183 142.610 172.310
127.289 142.767 172.515
127.407 142.772 172.353
127.204 142.507 172.292
127.030 142.359 172.163
127.161 142.316 172.272
127.047 142.217 172.099
126.884 141.980 172.130
126.712 141.874 172.095
126.711 141.801 171.866
126.495 141.564 171.665
126.476 141.429 171.752
126.328 141.169 171.581
126.126 141.150 171.395
126.144 141.023 171.371
125.932 141.008 171.156
125.834 140.934 171.023
126.052 140.992 171.117
125.650 140.747 170.676
125.362 140.496 170.243
125.039 139.997 170.016
124.527 139.504 169.641
124.022 138.913 169.246
123.303 138.305 168.780
122.829 137.634 168.379
122.131 137.135 167.720
121.467 136.586 167.105
120.952 135.978 166.679
120.351 135.286 166.097
119.663 134.544 165.182
118.619 133.363 164.211
117.062 132.162 163.176
115.422 130.342 161.859
113.231 128.485 159.978
111.102 126.352 158.160
108.275 123.929 156.039
106.146 121.799 153.982
104.053 119.800 152.388
102.566 118.334 151.162
101.382 117.018 149.967
100.280 116.050 149.213
99.787 115.582 148.801
99.439 115.474 148.514
99.590 115.367 148.466
99.505 115.366 148.474
99.596 115.509 148.576
99.643 115.494 148.507
99.622 115.299 148.418
99.454 115.271 148.282
99.454 115.210 148.304
99.691 115.599 148.525
100.013 115.984 148.863
100.741 116.585 149.272
101.352 117.445 150.082
102.027 117.918 150.628
102.999 118.729 151.368
103.761 119.467 152.180
104.719 120.375 153.201
105.711 121.316 153.976
106.842 122.301 154.711
108.130 123.615 155.866
109.320 124.825 156.805
110.565 126.006 157.695
111.793 127.088 158.579
112.883 128.162 159.671
114.123 129.251 160.636
115.140 130.334 161.450
116.250 131.310 162.118
117.477 132.527 162.832
118.716 133.567 163.910
119.764 134.618 164.781
120.814 135.482 165.632
121.461 136.155 166.178
122.396 136.918 166.856
122.762 137.474 167.310
123.387 137.964 167.875
123.858 138.356 168.354
124.194 138.767 168.763
124.496 139.053 169.011
124.789 139.223 169.154
124.858 139.416 169.377
125.086 139.634 169.424
125.175 139.780 169.674
125.120 139.798 169.751
125.236 140.038 169.933
125.408 140.145 169.852
125.774 140.514 170.332
125.781 140.540 170.390
125.875 140.656 170.426
125.749 140.457 170.706
125.781 140.486 170.618
125.724 140.448 170.743
125.730 140.509 170.886
125.868 140.732 171.003
125.916 140.799 171.162
126.109 140.987 171.414
126.373 141.163 171.579
126.406 141.313 171.634
126.462 141.412 171.731
126.418 141.479 171.795
126.480 141.519 171.900
126.437 141.645 172.004
126.873 141.855 172.049
126.808 141.892 172.126
126.895 142.093 172.078
126.906 142.163 172.166
126.899 142.056 172.086
126.788 141.916 172.238
126.926 141.946 172.220
126.969 141.893 172.262
126.890 141.918 172.336
127.130 142.032 172.220
127.034 141.988 172.339
127.006 142.098 172.225
126.937 142.035 172.320
127.094 142.139 172.413
127.037 142.225 172.223
127.019 142.240 172.148
127.205 142.330 172.343
127.367 142.416 172.411
127.259 142.447 172.316
127.132 142.563 172.287
127.423 142.527 172.368
127.157 142.550 172.275
127.117 142.407 172.106
127.159 142.307 172.174
127.077 142.303 172.170
127.023 142.270 172.215
127.086 142.277 172.230
127.034 142.401 172.128
127.233 142.511 172.187
127.246 142.516 172.149
127.255 142.603 172.195
127.480 142.651 172.183
127.426 142.761 172.120
127.630 142.830 172.277
127.590 142.933 172.317
127.564 143.036 172.311
127.651 143.008 172.215
127.696 143.059 172.208
127.653 142.990 172.302
127.470 142.966 172.304
127.576 142.838 172.248
127.320 142.690 172.231
127.490 142.663 172.311
127.374 142.769 172.249
127.569 142.804 172.321
127.446 142.745 172.160
127.511 142.682 172.154
127.403 142.763 172.132
127.481 142.778 172.211
127.396 142.878 172.269
127.489 142.925 172.313
127.428 143.051 172.227
127.758 143.205 172.382
127.616 143.220 172.434
127.887 143.319 172.366
127.625 143.098 172.320
127.632 143.021 172.397
127.443 142.836 172.327
127.552 142.771 172.441
127.595 142.812 172.348
127.509 142.846 172.226
127.586 142.879 172.330
127.568 142.794 172.276
127.570 142.744 172.289
127.508 142.851 172.282
127.644 142.865 172.426
127.742 142.900 172.422
127.591 143.005 172.294
127.745 143.100 172.394
127.794 143.119 172.471
127.720 143.203 172.452
127.906 143.321 172.336
127.765 143.198 172.378
127.591 142.965 172.480
127.610 142.946 172.335
127.551 142.906 172.254
127.444 142.712 172.401
127.584 142.676 172.411
127.394 142.769 172.299
127.396 142.824 172.209
127.656 142.830 172.298
127.457 142.881 172.217
127.588 142.860 172.298
127.591 142.815 172.588
127.536 142.897 172.357
127.699 143.001 172.401
127.564 142.969 172.396
127.551 143.093 172.270
127.733 143.113 172.257
127.703 143.142 172.317
127.525 142.951 172.259
127.544 142.816 172.179
127.562 142.678 172.326
127.465 142.634 172.289
127.455 142.684 172.389
127.386 142.678 172.200
127.349 142.733 172.302
127.375 142.754 172.167
127.352 142.694 172.248
127.347 142.654 172.170
127.386 142.721 172.240
127.373 142.841 172.240
127.350 142.784 172.302
127.527 142.935 172.166
127.554 142.930 172.179
127.590 143.012 172.307
127.612 142.894 172.443
127.453 142.842 172.257
127.370 142.610 172.303
127.372 142.628 172.246
127.285 142.616 172.278
127.476 142.623 172.300
127.317 142.675 172.171
127.495 142.697 172.205
127.384 142.679 172.305
127.384 142.747 172.251
127.394 142.708 172.394
127.530 142.822 172.313
127.508 142.819 172.354
127.378 142.915 172.219
127.553 142.987 172.335
127.691 142.953 172.441
127.622 143.049 172.399
127.571 142.896 172.394
127.506 142.870 172.342
127.378 142.739 172.363
127.412 142.689 172.419
127.313 142.657 172.330
127.384 142.687 172.401
127.342 142.717 172.411
127.127 142.728 172.351
127.445 142.749 172.521
127.486 142.748 172.365
127.421 142.855 172.471
127.268 142.943 172.259
127.572 143.041 172.402
127.624 143.049 172.426
127.341 143.100 172.488
127.510 143.166 172.427
127.580 143.077 172.321
127.491 142.933 172.390
127.392 142.827 172.375
127.263 142.850 172.247
127.363 142.680 172.420
127.293 142.658 172.290
127.383 142.732 172.447
127.308 142.745 172.464
127.521 142.810 172.479
127.367 142.874 172.526
127.300 142.888 172.473
127.523 142.978 172.485
127.601 142.920 172.523
127.381 143.067 172.449
127.489 143.110 172.459
127.694 143.212 172.558
127.519 143.233 172.505
127.608 143.135 172.488
127.717 142.997 172.485
127.565 142.927 172.417
127.487 142.888 172.446
127.454 142.795 172.407
127.458 142.791 172.509
127.441 142.846 172.564
127.428 142.891 172.466
127.511 142.914 172.585
127.740 142.917 172.507
127.248 143.026 172.603
127.629 143.116 172.627
127.496 143.131 172.469
127.450 143.066 172.488
127.653 143.187 172.449
127.760 143.221 172.529
127.724 143.306 172.519
127.684 143.246 172.445
127.623 143.083 172.638
127.618 142.972 172.525
127.639 142.956 172.587
127.633 142.852 172.440
127.519 142.867 172.423
127.420 142.876 172.457
127.435 142.904 172.475
127.351 142.896 172.465
127.537 142.855 172.485
127.569 142.982 172.469
127.534 143.002 172.365
127.621 143.171 172.471
127.721 143.285 172.407
127.641 143.294 172.523
127.857 143.397 172.490
127.636 143.318 172.511
127.495 143.192 172.408
127.511 143.081 172.377
127.457 143.109 172.302
127.332 142.958 172.491
127.414 142.951 172.472
127.714 142.932 172.513
127.650 142.989 172.535
127.517 142.975 172.537
127.474 142.984 172.424
127.674 143.031 172.505
127.490 143.074 172.341
127.530 143.195 172.453
127.469 143.237 172.379
127.721 143.299 172.399
127.448 143.333 172.461
127.637 143.453 172.490
127.504 143.351 172.348
127.762 143.200 172.461
127.463 143.109 172.510
127.537 143.075 172.424
127.482 143.056 172.443
127.545 143.066 172.426
127.583 143.096 172.508
127.565 143.111 172.521
127.632 143.131 172.598
127.555 143.140 172.574
127.678 143.109 172.442
127.471 143.221 172.549
127.631 143.222 172.476
127.689 143.339 172.593
127.772 143.422 172.428
127.798 143.452 172.532
127.877 143.483 172.652
127.897 143.425 172.536
127.852 143.319 172.508
127.852 143.130 172.499
127.554 143.210 172.391
127.633 143.174 172.490
127.492 143.114 172.477
127.702 143.037 172.448
127.616 143.139 172.413
127.464 143.112 172.378
127.693 143.117 172.395
127.705 143.135 172.542
127.762 143.268 172.407
127.547 143.211 172.336
127.600 143.323 172.430
127.901 143.377 172.469
127.866 143.492 172.497
127.883 143.414 172.604
128.017 143.421 172.485
127.755 143.380 172.582
127.654 143.237 172.451
127.697 143.171 172.546
127.623 143.130 172.550
127.555 143.063 172.432
127.675 143.094 172.567
127.630 143.142 172.626
127.687 143.228 172.461
127.605 143.174 172.632
127.762 143.219 172.498
127.621 143.206 172.559
127.946 143.288 172.461
127.647 143.317 172.588
127.830 143.409 172.634
127.849 143.581 172.606
128.038 143.651 172.464
128.012 143.716 172.581
127.915 143.613 172.626
127.802 143.444 172.464
127.805 143.363 172.587
127.714 143.299 172.432
127.720 143.179 172.571
127.747 143.201 172.533
127.531 143.116 172.467
127.674 143.231 172.597
127.735 143.160 172.603
127.757 143.200 172.503
127.632 143.212 172.515
127.627 143.285 172.532
127.827 143.274 172.478
127.707 143.341 172.499
127.804 143.463 172.560
127.724 143.456 172.518
127.877 143.646 172.481
128.068 143.653 172.479
127.807 143.516 172.650
127.604 143.461 172.544
127.785 143.310 172.403
127.650 143.182 172.540
127.733 143.275 172.570
127.624 143.256 172.468
127.786 143.222 172.477
127.682 143.302 172.530
127.555 143.386 172.512
127.761 143.369 172.437
127.861 143.384 172.451
127.911 143.431 172.610
127.975 143.510 172.520
127.771 143.663 172.384
128.159 143.681 172.539
128.045 143.753 172.565
128.004 143.877 172.432
128.135 143.832 172.513
127.774 143.667 172.402
127.901 143.572 172.570
127.944 143.512 172.443
127.844 143.471 172.509
127.940 143.596 172.374
127.809 143.490 172.487
127.753 143.538 172.445
127.850 143.611 172.500
127.710 143.595 172.441
127.844 143.650 172.355
127.957 143.667 172.461
128.079 143.729 172.459
127.861 143.764 172.423
128.079 143.835 172.521
127.839 143.930 172.398
127.980 143.909 172.384
128.007 143.890 172.518
128.065 143.895 172.375
127.949 143.766 172.557
128.067 143.723 172.517
127.790 143.624 172.562
127.888 143.687 172.544
127.715 143.785 172.445
127.973 143.665 172.470
127.978 143.779 172.547
127.919 143.813 172.475
128.040 143.738 172.520
127.968 143.857 172.554
128.022 143.833 172.495
127.997 143.995 172.508
128.018 144.077 172.669
128.134 144.112 172.616
128.197 144.088 172.630
128.136 144.000 172.709
128.117 143.930 172.637
128.065 143.854 172.604
128.146 143.759 172.499
127.970 143.649 172.696
127.793 143.651 172.535
127.881 143.697 172.528
127.927 143.760 172.651
127.883 143.756 172.563
128.072 143.740 172.637
127.951 143.782 172.515
128.120 143.852 172.573
128.082 143.943 172.822
128.345 144.015 172.743
128.102 143.995 172.723
128.193 144.131 172.669
128.334 144.188 172.725
128.293 144.126 172.864
128.116 144.024 172.662
128.212 144.049 172.837
128.213 143.970 172.761
128.114 143.873 172.798
128.214 143.874 172.806
128.284 143.985 172.822
128.168 143.904 172.912
128.174 144.004 172.892
128.239 143.967 173.045
128.174 143.982 172.850
127.981 143.913 172.692
128.162 143.808 172.843
127.983 143.848 172.521
127.911 143.775 172.517
127.921 143.578 172.373
127.584 143.553 172.161
127.457 143.337 172.082
127.442 143.155 171.956
127.427 142.904 171.713
126.947 142.673 171.564
126.924 142.509 171.458
126.888 142.455 171.366
126.865 142.249 171.233
126.676 142.108 170.954
126.576 141.847 170.558
126.067 141.478 170.375
125.811 141.137 169.969
125.554 140.937 169.590
125.623 140.946 169.527
125.858 141.277 169.348
125.372 141.069 168.322
125.568 141.329 168.663
126.006 141.538 169.255
126.060 141.630 169.901
124.822 140.521 169.377
124.301 139.895 168.739
124.655 140.154 169.224
125.325 140.691 169.720
126.006 141.477 170.161
126.203 141.786 170.185
126.365 141.865 170.447
126.239 141.883 170.540
126.099 141.671 170.567
125.901 141.588 170.477
126.134 141.618 170.413
126.320 141.755 170.723
126.617 142.086 170.901
126.693 142.351 170.860
126.743 142.463 170.951
126.790 142.423 170.984
126.615 142.403 170.954
126.509 142.278 170.880
126.425 142.128 170.818
126.497 142.065 171.041
126.405 142.180 170.972
126.880 142.153 171.049
126.579 142.164 171.026
126.735 142.070 171.188
126.463 142.120 171.073
126.386 142.044 170.852
126.462 141.982 171.067
126.412 142.013 170.955
126.690 142.123 170.838
126.580 142.219 170.908
126.570 142.220 170.857
126.531 142.263 170.987
126.413 142.232 170.916
126.505 142.330 170.969
126.700 142.373 170.904
126.663 142.302 170.887
126.505 142.184 170.780
126.321 142.023 170.707
126.465 141.968 170.831
126.306 141.813 170.849
126.322 141.832 170.728
126.354 141.914 170.844
126.413 141.988 170.829
126.316 142.023 170.775
126.429 142.061 170.723
126.519 142.097 170.709
126.582 142.094 170.890
126.598 142.074 170.773
126.469 142.212 170.808
126.679 142.266 170.859
126.708 142.275 170.761
126.666 142.393 170.709
126.647 142.388 170.634
126.694 142.263 170.843
126.377 142.194 170.745
126.624 142.023 170.773
126.560 141.997 170.676
126.362 141.866 170.611
126.578 141.870 170.619
126.348 141.808 170.544
126.278 141.828 170.582
126.337 141.818 170.544
126.416 141.958 170.548
126.389 141.942 170.589
126.413 141.968 170.528
126.411 141.978 170.757
126.528 142.127 170.608
126.617 142.092 170.621
126.384 142.096 170.662
126.564 142.142 170.679
126.725 142.244 170.639
126.514 142.279 170.547
126.521 142.087 170.678
126.548 141.987 170.551
126.431 141.816 170.555
126.324 141.820 170.656
126.407 141.748 170.501
126.217 141.753 170.615
126.192 141.690 170.516
126.129 141.627 170.513
126.298 141.619 170.571
126.274 141.654 170.446
126.342 141.695 170.517
126.136 141.844 170.444
126.406 141.763 170.580
126.447 141.916 170.447
126.591 141.907 170.599
126.422 142.094 170.553
126.697 142.101 170.648
126.601 142.145 170.651
126.717 142.133 170.671
126.383 142.005 170.605
126.559 141.903 170.564
126.275 141.788 170.584
126.365 141.715 170.464
126.318 141.654 170.618
126.313 141.759 170.653
126.183 141.689 170.561
126.431 141.721 170.699
126.320 141.668 170.538
126.182 141.688 170.492
126.344 141.701 170.516
126.439 141.767 170.536
126.324 141.803 170.648
126.357 141.849 170.663
126.546 141.888 170.658
126.459 141.961 170.484
126.386 141.961 170.502
126.526 141.995 170.581
126.517 141.845 170.541
126.252 141.657 170.424
126.114 141.531 170.313
126.180 141.403 170.407
126.080 141.331 170.380
126.006 141.201 170.379
125.972 141.144 170.289
125.993 141.248 170.146
125.888 141.180 170.286
125.891 141.237 170.207
126.023 141.194 170.277
126.002 141.196 170.273
126.000 141.332 170.314
126.208 141.372 170.244
126.075 141.406 170.152
126.175 141.502 170.358
126.005 141.455 170.182
125.896 141.364 170.096
125.680 141.182 169.931
125.696 140.944 169.797
125.627 140.874 169.667
125.658 140.711 169.834
125.554 140.721 169.783
125.415 140.732 169.632
125.403 140.582 169.481
125.350 140.501 169.443
125.439 140.485 169.274
125.211 140.369 169.078
125.355 140.331 168.943
125.016 140.243 168.767
124.987 140.134 168.739
125.007 140.093 168.506
124.853 139.985 168.186
124.772 139.798 168.067
124.408 139.737 167.929
124.345 139.546 167.564
123.971 139.138 167.293
123.590 138.650 167.082
123.101 138.181 166.780
122.685 137.792 166.420
122.242 137.373 166.100
122.045 136.993 165.979
121.593 136.864 165.736
121.544 136.624 165.520
121.204 136.453 165.395
121.033 136.373 165.246
120.717 136.343 165.128
120.964 136.334 165.140
120.958 136.582 165.328
121.083 136.641 165.373
121.150 136.801 165.268
121.399 136.899 165.414
121.500 136.945 165.464
121.421 137.015 165.546
121.282 136.766 165.528
121.452 136.785 165.721
121.484 136.937 165.624
121.478 136.811 165.659
121.472 136.938 165.833
121.454 136.969 166.045
121.642 136.987 165.940
121.680 137.078 165.923
121.813 137.115 165.808
121.665 137.226 166.003
121.910 137.281 166.020
121.915 137.296 166.235
121.886 137.370 166.292
121.919 137.446 166.231
122.070 137.532 166.084
122.125 137.678 166.181
122.041 137.672 166.200
121.812 137.652 166.116
121.838 137.506 166.188
121.735 137.371 166.170
121.747 137.307 166.178
121.617 137.133 165.982
121.190 136.834 165.791
120.897 136.499 165.688
120.791 136.528 165.503
120.994 136.613 165.660
120.776 136.656 165.507
120.868 136.657 165.634
120.863 136.574 165.425
120.772 136.694 165.492
120.922 136.658 165.576
120.945 136.734 165.545
121.130 136.853 165.461
121.140 136.814 165.680
120.874 136.867 165.485
121.063 136.789 165.453
120.952 136.674 165.632
120.869 136.666 165.595
120.952 136.623 165.550
120.863 136.553 165.784
120.858 136.475 165.787
120.969 136.554 165.774
120.780 136.599 165.707
120.861 136.531 165.612
120.838 136.576 165.706
120.686 136.488 165.718
120.861 136.614 165.682
120.912 136.743 165.699
120.689 136.696 165.598
120.950 136.697 165.537
120.954 136.716 165.664
121.071 136.842 165.441
121.128 136.864 165.503
121.009 136.751 165.448
120.715 136.440 165.236
120.400 136.200 164.992
120.089 135.943 164.831
