77.330 93.366 121.202
76.919 93.017 120.631
76.575 92.495 119.587
76.138 92.121 119.190
76.756 92.688 120.064
78.315 94.349 122.391
79.151 95.197 123.315
78.856 95.215 123.405
78.518 94.160 122.358
77.347 93.093 120.806
76.985 93.002 120.591
77.693 93.743 121.556
78.730 94.577 122.552
78.675 94.825 123.010
78.584 94.430 122.463
77.946 93.769 121.552
77.472 93.494 120.843
77.861 93.801 121.456
78.325 94.445 121.994
78.605 94.874 122.551
78.494 94.775 122.378
78.346 94.332 121.919
77.677 93.806 121.355
77.810 93.696 121.420
78.190 94.023 121.701
78.270 94.406 122.081
78.140 94.238 122.293
78.043 94.028 121.847
77.696 93.515 121.126
77.602 93.562 121.268
77.824 93.722 121.415
78.307 94.195 121.925
78.180 94.338 122.335
77.795 94.112 121.986
77.937 93.841 121.681
77.753 93.772 121.441
77.956 93.949 121.509
78.012 94.323 121.914
78.397 94.590 122.230
78.131 94.576 122.028
78.232 94.154 121.749
77.877 93.945 121.339
77.815 93.834 121.537
78.048 94.017 121.827
78.240 94.156 121.986
78.027 94.116 122.122
77.932 93.893 121.673
78.076 93.727 121.648
77.882 93.890 121.540
78.032 94.046 121.764
78.155 94.348 121.990
78.350 94.169 122.046
78.409 94.089 121.957
78.109 93.993 121.846
78.049 93.983 121.482
77.986 94.249 121.921
78.257 94.468 122.121
78.336 94.640 122.188
78.127 94.491 122.161
78.173 94.325 121.836
77.987 94.137 121.934
78.215 94.084 121.930
78.222 94.112 122.136
78.204 94.151 122.100
77.999 94.053 121.801
77.958 93.977 121.674
77.844 93.966 121.857
77.893 94.086 121.860
78.178 94.169 122.106
78.006 94.157 122.030
78.348 94.226 122.226
78.081 94.176 122.111
78.227 94.247 122.158
78.403 94.211 122.096
78.182 94.439 122.255
78.497 94.504 122.208
78.312 94.539 122.221
77.943 94.481 121.915
78.016 94.318 121.900
78.152 94.081 121.990
77.932 94.144 122.008
78.178 94.120 122.072
78.083 94.117 122.007
78.127 94.116 121.979
78.118 94.080 121.837
78.080 93.958 122.125
78.276 94.141 122.079
78.372 94.259 122.415
78.387 94.290 122.392
78.135 94.299 122.186
78.004 94.170 122.119
78.146 94.172 122.106
78.389 94.378 122.189
78.220 94.527 122.148
78.491 94.646 122.366
78.644 94.712 122.476
78.544 94.641 122.419
78.587 94.612 122.443
78.463 94.340 122.521
78.512 94.394 122.281
78.358 94.376 122.496
78.320 94.363 122.340
78.271 94.203 122.238
78.004 94.100 122.045
78.236 94.283 122.232
78.208 94.294 122.286
78.441 94.413 122.411
78.336 94.470 122.408
78.429 94.351 122.288
78.067 94.259 122.097
78.387 94.401 122.147
78.531 94.564 122.433
78.374 94.625 122.533
78.761 94.821 122.561
78.684 94.929 122.593
78.802 94.769 122.778
78.328 94.598 122.556
78.365 94.379 122.298
78.312 94.406 122.326
78.406 94.346 122.478
78.125 94.411 122.535
78.217 94.386 122.334
78.252 94.276 122.270
78.386 94.556 122.614
78.254 94.477 122.344
78.320 94.517 122.578
78.518 94.543 122.473
78.620 94.669 122.576
78.447 94.706 122.555
78.475 94.666 122.437
78.644 94.833 122.732
78.858 95.092 122.884
79.000 95.339 123.063
78.809 95.271 122.935
78.497 94.928 122.761
78.282 94.539 122.256
78.650 94.605 122.389
78.614 94.704 122.841
78.745 94.972 122.858
78.745 94.834 122.975
78.471 94.646 122.680
78.563 94.530 122.394
78.395 94.547 122.619
78.600 94.719 122.822
78.742 94.926 122.876
78.471 94.944 122.896
78.540 94.923 122.822
78.823 94.894 122.723
78.648 94.923 122.826
78.516 95.074 122.885
79.042 95.262 122.960
78.982 95.418 123.081
79.011 95.378 123.117
78.911 95.275 122.944
78.689 94.919 122.720
78.380 94.739 122.513
78.413 94.677 122.391
78.803 94.828 122.759
78.536 94.705 122.719
78.527 94.751 122.748
78.387 94.664 122.602
78.492 94.574 122.419
78.415 94.561 122.408
78.212 94.452 122.463
78.512 94.550 122.523
78.308 94.585 122.437
78.265 94.819 122.475
78.515 94.854 122.609
78.828 94.915 122.806
78.523 94.965 122.786
78.564 95.093 122.548
78.717 95.024 122.750
78.585 94.963 122.624
78.736 94.868 122.614
78.416 94.904 122.527
78.764 94.872 122.738
78.538 94.711 122.740
78.562 94.749 122.583
78.414 94.712 122.373
78.319 94.664 122.334
78.547 94.846 122.571
78.562 94.736 122.594
78.558 94.800 122.708
78.777 94.819 122.683
78.540 94.734 122.607
78.662 94.804 122.409
78.824 95.050 122.696
78.744 95.038 122.610
78.835 95.100 122.792
78.683 95.126 122.750
78.800 95.071 122.765
78.779 94.967 122.543
78.566 94.816 122.609
78.766 94.806 122.850
78.566 94.779 122.705
78.649 94.771 122.604
78.455 94.667 122.531
78.527 94.755 122.463
78.686 94.828 122.662
78.611 94.901 122.582
78.657 94.895 122.599
78.713 94.867 122.501
78.603 94.844 122.770
78.704 94.903 122.780
78.566 94.891 122.660
78.798 95.097 122.704
79.048 95.187 122.870
78.814 95.264 122.748
78.769 95.127 122.892
78.789 94.968 122.744
78.686 94.882 122.632
78.573 94.917 122.664
78.695 94.783 122.615
78.623 94.723 122.770
78.748 94.811 122.664
78.628 94.676 122.601
78.506 94.711 122.488
78.660 94.789 122.565
78.788 94.821 122.818
78.480 94.846 122.817
78.723 94.820 122.839
78.517 94.808 122.582
78.501 94.810 122.606
78.589 94.882 122.564
78.614 94.889 122.700
78.990 95.087 122.951
78.729 95.230 122.865
78.753 95.007 122.679
78.459 94.725 122.531
78.596 94.665 122.719
78.519 94.635 122.562
78.353 94.523 122.455
78.381 94.521 122.673
78.455 94.587 122.334
78.272 94.432 122.510
78.164 94.414 122.387
78.364 94.560 122.517
78.189 94.538 122.555
78.534 94.523 122.521
78.204 94.448 122.473
78.486 94.431 122.424
78.454 94.511 122.372
78.436 94.698 122.833
78.677 94.855 122.647
78.673 94.851 122.743
78.752 94.772 122.852
78.473 94.506 122.577
78.654 94.542 122.522
78.337 94.432 122.541
78.579 94.427 122.558
78.238 94.451 122.586
78.254 94.475 122.419
78.497 94.329 122.571
78.112 94.257 122.371
78.174 94.318 122.332
78.179 94.285 122.558
78.388 94.352 122.449
78.251 94.389 122.436
78.346 94.344 122.667
78.280 94.353 122.359
78.348 94.358 122.537
78.567 94.541 122.529
78.215 94.458 122.488
78.505 94.604 122.528
78.517 94.399 122.526
78.039 94.160 122.028
77.939 93.791 121.776
77.430 93.505 121.485
77.341 93.291 121.121
77.429 93.276 121.162
77.565 93.380 121.251
77.315 93.198 121.084
77.079 92.892 120.666
76.846 92.546 120.318
76.773 92.536 120.113
76.689 92.630 120.219
76.728 92.883 120.379
76.925 92.707 120.533
76.508 92.707 119.986
76.371 92.327 119.942
76.377 92.557 120.124
76.771 92.978 120.594
76.238 92.360 120.014
76.260 92.093 119.800
76.354 92.297 119.951
76.601 92.562 120.570
76.667 92.781 120.562
76.717 92.674 120.794
76.689 92.528 120.353
76.247 92.130 120.019
75.917 91.964 119.668
75.925 91.765 119.543
75.865 91.829 119.483
75.776 91.744 119.556
75.258 91.162 118.729
74.173 90.078 117.304
73.178 89.014 116.136
72.725 88.784 116.300
73.517 89.637 116.653
75.375 91.372 118.616
76.364 92.401 120.337
76.042 92.118 119.816
75.526 91.246 119.053
74.803 90.771 118.379
75.528 91.137 118.818
76.221 92.248 119.849
77.168 93.104 121.154
77.230 93.407 121.408
77.200 93.046 120.869
76.625 92.713 120.596
76.509 92.680 120.418
76.771 92.952 120.711
76.879 93.052 120.925
76.940 93.141 121.052
76.825 92.996 120.850
76.466 92.823 120.490
76.441 92.699 120.246
76.412 92.667 120.343
76.616 92.795 120.607
76.778 92.924 120.836
76.871 92.957 120.876
76.668 92.696 120.562
76.284 92.421 120.293
76.155 92.196 120.327
76.366 92.312 120.227
76.262 92.305 120.224
76.157 92.234 120.300
76.306 92.258 120.166
75.850 91.957 119.718
79.077 95.323 123.662
80.501 97.551 126.076
80.172 97.658 125.953
79.652 97.204 125.197
79.645 97.390 125.227
79.651 97.484 125.204
79.161 97.046 124.489
78.043 95.621 122.640
77.180 94.955 121.604
77.662 95.452 122.543
78.232 96.021 123.377
78.098 95.656 122.822
75.954 93.574 119.984
72.223 89.769 114.847
68.895 86.101 109.814
66.129 83.168 105.993
61.838 78.662 100.549
58.337 75.294 96.320
58.008 74.387 95.354
57.931 73.737 93.677
56.108 72.232 90.672
53.382 68.715 84.964
52.583 67.347 83.070
54.873 70.134 86.291
57.356 73.080 90.316
58.001 73.865 91.979
57.687 73.943 92.318
57.829 73.791 92.216
57.896 73.639 92.128
57.704 73.747 92.495
58.305 74.057 93.943
58.803 74.553 94.944
59.283 75.027 96.139
59.895 75.383 96.514
59.445 74.961 95.519
59.339 74.374 94.268
59.011 74.177 94.326
59.516 74.807 95.380
59.789 75.417 96.582
59.653 75.464 96.709
59.932 75.400 96.512
59.371 74.883 95.525
59.220 74.795 95.340
59.502 75.097 95.773
60.078 75.766 96.735
60.206 76.006 97.241
60.188 75.782 97.158
59.872 75.325 96.297
59.564 75.039 96.042
59.544 75.157 96.061
59.931 75.451 96.588
59.913 75.605 97.013
60.058 75.544 96.766
59.816 75.094 96.074
60.183 75.308 95.762
59.522 75.213 96.417
58.950 74.940 96.406
59.565 75.569 97.228
60.081 75.695 97.107
59.306 74.666 95.033
58.959 74.173 94.013
59.126 74.400 94.445
60.035 75.473 95.877
60.143 75.954 96.556
60.284 75.958 97.039
60.080 75.950 96.748
59.968 75.658 96.374
59.582 74.941 95.470
59.219 74.518 95.155
59.566 74.764 95.216
59.893 75.028 95.786
59.578 75.239 96.012
59.876 75.230 96.131
59.635 75.038 95.920
59.607 74.886 95.668
60.316 75.528 96.449
60.141 75.917 96.996
60.010 75.600 96.494
59.537 74.955 95.449
59.094 74.644 94.790
59.261 74.755 94.758
59.717 75.135 95.517
60.229 75.928 96.718
60.268 75.988 97.100
60.243 75.758 96.750
59.768 75.003 95.666
59.301 74.671 94.880
59.381 74.594 94.992
59.695 75.021 95.627
59.887 75.353 96.646
59.867 75.498 96.679
59.600 75.058 96.326
59.533 74.775 95.772
59.231 74.723 95.364
59.092 74.738 95.265
