136.498 151.099 180.377
135.233 150.088 179.598
134.256 148.957 178.793
134.054 148.895 178.626
135.462 150.097 179.593
137.082 151.845 181.249
137.882 152.590 181.915
137.414 152.210 181.512
136.150 151.045 180.580
135.285 150.182 179.700
135.277 149.997 179.740
136.114 150.887 180.382
136.728 151.644 180.909
136.764 151.682 180.987
136.309 151.340 180.497
135.921 150.938 180.135
135.937 150.936 179.977
136.236 151.168 180.541
136.507 151.536 180.686
136.649 151.411 180.784
136.213 151.110 180.529
135.826 150.775 180.228
135.671 150.677 180.091
136.000 151.051 180.377
136.509 151.238 180.534
136.357 151.299 180.636
136.265 151.236 180.489
136.080 151.005 180.296
136.209 151.090 180.326
136.357 151.345 180.590
136.635 151.593 180.659
136.702 151.635 180.742
136.581 151.570 180.615
136.506 151.551 180.480
136.356 151.702 180.508
136.787 151.793 180.814
136.765 151.717 180.846
136.372 151.404 180.757
136.211 151.199 180.352
135.891 151.174 180.296
136.048 151.187 180.390
136.090 151.120 180.343
136.086 151.106 180.338
136.101 151.031 180.147
135.720 150.890 180.020
135.763 150.922 179.947
135.969 150.984 180.086
136.043 150.947 180.029
135.911 151.046 179.933
135.753 151.000 179.829
135.750 150.992 179.781
135.815 151.213 179.928
135.900 151.275 179.946
135.941 151.171 180.007
135.969 151.209 180.074
135.893 151.060 179.796
135.703 150.909 179.900
135.553 150.839 179.916
135.705 150.937 179.957
135.828 150.960 179.825
135.791 150.965 179.790
135.641 150.738 179.822
135.584 150.820 179.598
135.616 150.843 179.697
135.644 151.019 179.718
135.718 151.028 179.769
135.656 151.136 179.712
135.737 151.170 179.817
135.927 151.236 179.669
135.887 151.317 179.805
136.060 151.243 179.897
135.809 151.242 179.795
135.803 151.170 179.936
135.834 151.038 179.919
135.948 150.967 179.861
135.827 151.007 179.886
135.722 151.078 179.818
135.723 151.097 179.769
135.754 151.044 179.942
135.975 151.080 179.832
135.958 151.173 179.966
135.821 151.232 179.810
136.124 151.321 179.902
135.926 151.419 179.832
135.973 151.375 179.868
135.836 151.354 179.806
135.888 151.306 179.669
135.776 151.296 179.752
135.934 151.220 179.730
135.959 151.149 179.778
135.811 151.175 179.758
135.984 151.174 179.858
135.938 151.262 179.945
135.934 151.304 179.950
136.020 151.306 179.974
136.040 151.358 179.992
136.034 151.287 179.842
135.888 151.206 179.649
135.983 151.233 179.851
135.975 151.299 179.749
135.950 151.350 179.727
136.035 151.449 179.807
136.242 151.489 179.870
136.267 151.546 179.926
136.174 151.611 179.891
136.140 151.480 179.849
135.984 151.357 179.838
136.184 151.261 179.729
135.875 151.267 179.880
136.139 151.202 179.841
136.019 151.320 179.785
135.989 151.407 179.834
136.154 151.424 180.005
136.128 151.406 179.992
136.278 151.508 179.966
136.252 151.585 180.100
136.142 151.564 179.948
136.287 151.485 180.029
136.315 151.610 179.943
136.302 151.649 179.888
136.499 151.711 180.068
136.308 151.778 180.115
136.413 151.686 179.968
136.276 151.589 179.732
136.254 151.385 179.922
136.274 151.320 180.027
136.151 151.331 180.013
136.025 151.265 179.880
136.145 151.310 179.973
136.291 151.377 179.852
136.328 151.501 179.993
136.458 151.547 180.149
136.333 151.517 180.134
136.354 151.525 180.024
136.244 151.545 179.963
136.247 151.522 179.952
136.331 151.573 179.855
136.189 151.605 179.786
136.143 151.450 179.684
135.970 151.360 179.750
136.098 151.297 179.886
136.001 151.261 179.761
136.277 151.477 179.990
136.436 151.395 180.043
136.128 151.435 179.965
136.150 151.357 179.954
136.095 151.336 179.913
136.253 151.358 179.990
136.331 151.399 180.038
136.184 151.445 180.063
136.433 151.450 180.080
136.235 151.513 180.038
136.297 151.535 180.080
136.370 151.584 179.988
136.393 151.611 180.050
136.445 151.559 180.105
136.393 151.461 180.096
136.320 151.416 179.968
136.033 151.291 180.104
136.145 151.183 180.075
135.899 151.086 179.906
136.017 151.151 179.903
136.057 151.130 179.899
135.975 151.172 179.968
136.198 151.155 179.992
136.191 151.217 180.047
136.081 151.285 179.994
136.093 151.301 180.128
136.177 151.407 180.051
136.228 151.475 180.129
136.161 151.510 180.128
136.243 151.540 180.024
136.182 151.445 180.046
136.153 151.330 180.029
136.264 151.281 180.028
136.265 151.384 180.289
136.292 151.181 180.133
136.065 151.213 180.137
136.127 151.240 180.081
136.276 151.177 180.047
136.331 151.254 180.379
136.194 151.427 180.270
136.309 151.466 180.343
136.360 151.498 180.408
136.389 151.460 180.333
136.566 151.590 180.530
136.743 151.746 180.392
136.719 151.753 180.434
136.692 151.808 180.610
136.646 151.696 180.536
136.609 151.563 180.538
136.587 151.493 180.577
136.754 151.429 180.550
136.478 151.361 180.436
136.515 151.322 180.430
136.699 151.397 180.550
136.802 151.581 180.617
136.646 151.578 180.743
136.690 151.626 180.559
136.826 151.666 180.656
136.767 151.633 180.628
136.874 151.731 180.664
137.084 151.780 180.751
136.932 151.858 180.622
136.974 151.899 180.746
136.878 151.985 180.702
136.856 151.828 180.629
137.143 151.854 180.690
136.789 151.820 180.728
137.059 151.745 180.736
136.884 151.671 180.753
136.777 151.726 180.807
137.034 151.722 180.789
136.877 151.777 180.752
137.054 151.840 180.849
136.851 151.637 180.704
136.592 151.642 180.722
136.948 151.786 180.798
137.285 152.189 181.216
137.447 152.494 181.246
137.244 152.289 181.013
137.036 152.013 180.798
137.089 152.061 180.729
137.451 152.426 180.973
137.492 152.479 181.120
137.435 152.282 181.206
137.046 151.765 180.780
136.568 151.533 180.506
136.527 151.497 180.387
136.780 151.681 180.662
137.004 151.812 180.878
136.892 151.768 180.891
136.888 151.689 180.619
136.746 151.485 180.591
136.484 151.453 180.535
136.867 151.720 180.715
137.072 151.859 180.816
137.050 151.834 180.772
136.891 151.713 180.507
136.620 151.642 180.400
136.596 151.642 180.461
136.882 151.812 180.487
136.853 151.872 180.564
136.598 151.622 180.346
136.540 151.536 180.380
136.618 151.438 180.482
136.557 151.572 180.474
136.795 151.665 180.567
136.640 151.594 180.448
136.496 151.471 180.335
136.204 151.365 180.243
136.228 151.362 180.281
136.449 151.390 180.321
136.334 151.402 180.274
136.190 151.450 180.250
136.087 151.354 180.123
136.025 151.288 180.119
136.122 151.335 180.070
136.037 151.509 180.107
136.298 151.534 180.065
136.111 151.521 180.089
136.233 151.370 180.159
136.111 151.294 180.069
136.196 151.368 180.117
136.324 151.366 180.262
136.214 151.346 180.273
136.047 151.305 180.061
136.038 151.239 180.046
136.037 151.212 180.051
136.012 151.284 180.096
136.095 151.303 180.263
135.921 151.192 179.976
135.564 151.018 179.700
